[?25l[39m[38;2;254;254;254m@@@@@@@@@@@@@@@@@@@@@@@@@@@@@@@@@@@@[39m
[38;2;254;254;254m@@@@@@@@@@@@@@[38;2;221;226;231m@[38;2;212;218;225mF[38;2;254;254;254m~~~[38;2;175;192;209mT[38;2;190;204;218mA[38;2;249;250;251m@[38;2;254;254;254m@@@@@@@@@@@@@@[39m
[38;2;254;254;254m@@@@@@@@@@@[38;2;247;251;253m@[38;2;153;224;247m@[38;2;65;167;206mF        [38;2;163;188;213m4[38;2;254;254;254m@@@@@@@@@@@@@[39m
[38;2;254;254;254m@@@@@@@@@[38;2;246;247;249m@[38;2;146;218;246m@[38;2;40;191;240m@[38;2;42;180;226m$[38;2;14;97;171m_[38;2;11;102;179m_[38;2;5;107;188ma[38;2;4;111;196mg[38;2;2;115;203m@[38;2;0;119;209m@[38;2;0;124;212m@[38;2;0;127;213m@[38;2;0;131;214m@[38;2;1;131;211m@[38;2;58;162;223m@[38;2;131;196;236m@[38;2;197;225;244m@[38;2;254;254;254m@@@@@@@@@@[39m
[38;2;254;254;254m@@@@@@[38;2;230;234;239mP[38;2;248;249;250m~[38;2;11;119;186my[38;2;23;167;228m@[38;2;32;184;240m@[38;2;41;192;241m@[38;2;41;180;228m@[38;2;15;94;165m@[38;2;13;97;172m@[38;2;10;101;179m@[38;2;8;105;187m@[38;2;5;109;192m@[38;2;3;113;199m@[38;2;1;116;205m@[38;2;0;119;209m@[38;2;0;123;212m@[38;2;0;126;213m@[38;2;0;129;214m@[38;2;0;132;215m@[38;2;0;135;216m@[38;2;0;137;217m@[38;2;72;169;227m@[38;2;205;229;245m@[38;2;254;254;254m@@@@@@@[39m
[38;2;254;254;254m@@@@[38;2;213;221;229m@[38;2;121;153;183m~ [38;2;8;114;184m_[38;2;17;163;230m@[38;2;23;175;237m@[38;2;32;183;239m@[38;2;40;191;241m@[38;2;47;198;243m@[38;2;33;122;180m,[38;2;16;95;165m~[38;2;16;95;167m@[38;2;12;98;172m@[38;2;9;100;179m@[38;2;8;104;186m@[38;2;6;109;192m@[38;2;3;111;198m@[38;2;2;114;202m@[38;2;0;117;207m@[38;2;0;119;209m@[38;2;0;122;212m@[38;2;0;124;213m@[38;2;0;126;213m@[38;2;0;127;213m@[38;2;0;129;214m@[38;2;56;154;221m@[38;2;231;240;248m@[38;2;254;254;254m@@@@@[39m
[38;2;254;254;254m@@@[38;2;229;232;237m@   [38;2;6;145;219m$[38;2;12;163;233m@[38;2;20;171;236m@[38;2;27;179;237m@[38;2;36;187;240m@[38;2;44;195;242m@[38;2;45;179;226m@ [38;2;17;92;160m`[38;2;16;94;164m~[38;2;16;95;166m@[38;2;13;97;171m@[38;2;10;100;176m@[38;2;8;102;182m@[38;2;7;106;187m@[38;2;6;108;192m@[38;2;3;111;196m@[38;2;2;112;200m@[38;2;2;115;203m@[38;2;0;116;206m@[38;2;0;118;208m@@[38;2;0;120;210m@[38;2;1;120;211m@[38;2;198;221;241m@[38;2;254;254;254m@@@@[39m
[38;2;254;254;254m@@@[38;2;169;184;198mF  [38;2;6;104;169mu[38;2;1;149;229m@[38;2;7;157;232m@[38;2;15;165;234m@[38;2;22;174;236m@[38;2;30;181;238m@[38;2;39;189;241m@[38;2;45;197;242m@[38;2;43;165;213m@   [38;2;16;91;163m~[38;2;16;94;163mP[38;2;15;95;166m@[38;2;12;97;171m@[38;2;11;99;175m@[38;2;10;101;180m@[38;2;8;103;183m@[38;2;8;105;187m@[38;2;6;107;190m@[38;2;5;108;192m@[38;2;5;109;194m@[38;2;5;110;196m@[38;2;4;110;196m@[38;2;14;116;198mE[38;2;238;242;248m@[38;2;254;254;254m@@@[39m
[38;2;254;254;254m@@@[38;2;98;170;199m@  [38;2;5;119;192m4[38;2;1;149;231m@[38;2;1;151;229m@[38;2;8;158;233m@[38;2;14;165;234m@[38;2;21;173;235m@[38;2;30;181;239m@[38;2;37;187;241m@[38;2;43;195;242m@[38;2;43;174;221m$[38;2;24;93;150m,    [38;2;16;92;162m~[38;2;16;95;166m~[38;2;16;94;164m@[38;2;15;95;168m@[38;2;13;96;171m@[38;2;13;98;173m@[38;2;11;99;175m@[38;2;11;100;177m@[38;2;10;100;179m@[38;2;9;101;179m@@[38;2;131;175;214m@[38;2;254;254;254m@@@[39m
[38;2;254;254;254m@@@[38;2;139;230;248m@[38;2;73;171;203my [38;2;4;115;185m4[38;2;0;148;229m@[38;2;1;149;231m@[38;2;1;150;230m@[38;2;5;155;230m@[38;2;12;163;233m@[38;2;20;171;235m@[38;2;26;178;238m@[38;2;33;184;240m@[38;2;40;191;242m@[38;2;43;187;234m@[38;2;37;137;189my     [38;2;129;188;214my[38;2;165;222;238mg[38;2;167;227;242m$[38;2;174;233;246m@[38;2;172;233;246m@[38;2;161;226;243m$[38;2;120;192;222m@[38;2;62;137;189m@[38;2;16;94;164m@[38;2;117;161;201m@[38;2;254;254;254m@@@[39m
[38;2;254;254;254m@@@[38;2;217;246;252m@[38;2;103;226;251m@[38;2;87;186;215m$[38;2;75;159;193m_[38;2;0;140;217m@[38;2;0;145;224m@[38;2;0;147;228m@[38;2;0;148;229m@[38;2;3;152;230m@[38;2;8;159;232m@[38;2;15;166;234m@[38;2;21;172;236m@[38;2;26;177;236m@[38;2;32;182;238m@[38;2;36;183;234m@[38;2;36;157;208m$[38;2;32;140;190m_ [38;2;143;200;221my[38;2;162;218;233m@[38;2;187;244;253m@[38;2;187;244;254m@@@@[38;2;184;243;253m@[38;2;176;242;253m@[38;2;172;241;253m@[38;2;148;220;238m@[38;2;169;193;215m@[38;2;254;254;254m@@@[39m
[38;2;254;254;254m@@@@[38;2;168;237;250m@[38;2;111;227;249m@[38;2;118;228;249m@[38;2;96;205;238m@[38;2;54;174;226m@[38;2;16;146;212m$[38;2;0;138;213m@[38;2;0;140;216m@[38;2;0;141;217m@[38;2;3;145;219m@[38;2;8;149;218m@[38;2;13;152;215m@[38;2;18;154;214m@[38;2;21;155;211m@[38;2;54;171;215m@[38;2;121;207;231m@[38;2;182;240;250m@[38;2;186;244;254m@[38;2;187;244;254m@@@@[38;2;186;243;253m@[38;2;183;243;253m@[38;2;177;242;253m@[38;2;172;240;253m@[38;2;166;239;252m@[38;2;172;239;250m@[38;2;253;253;253m@[38;2;254;254;254m@@@[39m
[38;2;254;254;254m@@@@@[38;2;184;240;251m@[38;2;114;227;251m@[38;2;119;228;249m@[38;2;125;230;251m@[38;2;130;231;253m@[38;2;135;233;252m@[38;2;136;229;249m@[38;2;125;217;242m@[38;2;135;224;247m$[38;2;138;225;247m$[38;2;139;221;243m@[38;2;160;234;249m@[38;2;170;240;253m@[38;2;173;241;253m@[38;2;176;241;253m@[38;2;178;242;253m@[38;2;178;242;254m@[38;2;179;242;254m@[38;2;178;242;253m@[38;2;176;241;253m@[38;2;173;240;253m@[38;2;170;240;253m@[38;2;166;239;253m@[38;2;162;238;252m@[38;2;158;237;252m@[38;2;167;238;252m@[38;2;246;252;253m@[38;2;254;254;254m@@@@[39m
[38;2;254;254;254m@@@@@@[38;2;227;248;253m@[38;2;135;231;250m@[38;2;114;228;250m@[38;2;119;228;250m@[38;2;123;230;251m@[38;2;128;230;252m@[38;2;132;232;253m@[38;2;136;232;252m@[38;2;140;233;252m@[38;2;144;234;253m@[38;2;147;235;252m@[38;2;150;235;252m@[38;2;152;236;252m@[38;2;154;236;253m@[38;2;155;236;252m@[38;2;156;236;253m@[38;2;155;236;253m@[38;2;155;236;252m@[38;2;153;236;252m@[38;2;151;236;252m@[38;2;149;235;252m@[38;2;145;234;253m@[38;2;144;234;252m@[38;2;198;243;251m@[38;2;253;254;254m@[38;2;254;254;254m@@@@@[39m
[38;2;254;254;254m@@@@@@@@[38;2;226;248;252m@[38;2;167;237;252m@[38;2;108;227;251m@[38;2;111;227;251m@[38;2;114;228;250m@[38;2;118;229;251m@[38;2;122;229;250m@[38;2;124;229;251m@[38;2;126;230;251m@[38;2;127;230;252m@[38;2;129;231;252m@[38;2;131;231;252m@[38;2;131;231;253m@[38;2;131;231;252m@[38;2;131;231;253m@[38;2;130;231;252m@[38;2;129;231;252m@[38;2;128;231;252m@[38;2;149;234;251m@[38;2;206;244;251m@[38;2;253;253;253m@[38;2;254;254;254m@@@@@@@[39m
[38;2;254;254;254m@@@@@@@@@@@[38;2;233;248;252m@[38;2;196;242;252m@[38;2;160;236;251m@[38;2;133;230;250m@[38;2;105;226;251m@@[38;2;105;225;251m@@[38;2;106;226;251m@[38;2;107;227;251m@[38;2;127;229;251m@[38;2;151;234;252m@[38;2;180;239;251m@[38;2;217;247;252m@[38;2;252;253;253m@[38;2;254;254;254m@@@@@@@@@@[39m
[38;2;254;254;254m@@@@@@@@@@@@@@@@@@@@@@@@@@@@@@@@@@@@[39m
[?25h