[?25l[39m[38;2;254;254;254m@@@@@@@@@@@@@@@@@@@@@@@@@@@@@@@@@@@@@@@@@@@@@@@@@@@@@@@@@@@@[39m
[38;2;254;254;254m@@@@@@@@@@@@@@@@@@@@@@@@@@@@@@@@@@@@@@@@@@@@@@@@@@@@@@@@@@@@[39m
[38;2;254;254;254m@@@@@@@@@@@@@@@@@@@@@@@@@@[38;2;250;250;251m@[38;2;231;233;237mP[38;2;163;177;193mM[38;2;174;189;204mT[38;2;180;194;209mT[38;2;135;162;187m@[38;2;199;210;222m@[38;2;254;254;254m@@@@@@@@@@@@@@@@@@@@@@@@@@@[39m
[38;2;254;254;254m@@@@@@@@@@@@@@@@@@@@@@@@[38;2;197;236;249m@[38;2;142;220;242mF[38;2;36;84;122m~  [38;2;7;66;119m_[38;2;6;68;124mg[38;2;6;71;129m@[38;2;5;76;137m@[38;2;27;93;149mE[38;2;168;192;215m@[38;2;254;254;254m@@@@@@@@@@@@@@@@@@@@@@@@@[39m
[38;2;254;254;254m@@@@@@@@@@@@@@@@@@@@@@[38;2;205;236;249m@[38;2;71;199;240m@[38;2;43;183;231m@ [38;2;8;82;146my[38;2;6;96;173my[38;2;4;106;188ma[38;2;3;104;184m@[38;2;1;113;199m$[38;2;1;120;204m$[38;2;1;118;199m@[38;2;1;120;199m@[38;2;2;121;198m@[38;2;123;190;230m@[38;2;203;228;244m@[38;2;253;254;254m@[38;2;254;254;254m@@@@@@@@@@@@@@@@@@@@@@[39m
[38;2;254;254;254m@@@@@@@@@@@@@@@@@@[38;2;247;248;249m@[38;2;150;181;207m@[38;2;66;128;181m@[38;2;30;157;217m$[38;2;33;184;240m@[38;2;41;192;241m@[38;2;39;175;224m@[38;2;15;96;167m@[38;2;12;99;174m@[38;2;9;103;182m@[38;2;7;107;190m@[38;2;4;111;196m@[38;2;2;115;202m@[38;2;0;118;207m@[38;2;0;122;211m@[38;2;0;125;212m@[38;2;0;128;214m@[38;2;0;132;215m@[38;2;0;135;217m@[38;2;1;138;218m@[38;2;58;163;225m@[38;2;156;206;237m@[38;2;253;254;254m@[38;2;254;254;254m@@@@@@@@@@@@@@@@@@@[39m
[38;2;254;254;254m@@@@@@@@@@@@@@@@[38;2;252;253;253m@[38;2;116;148;179m@[38;2;5;75;136m@[38;2;5;80;144m@[38;2;15;146;213m@[38;2;24;176;236m@[38;2;33;184;240m@[38;2;41;192;241m@[38;2;48;197;242m@[38;2;17;90;158m@[38;2;16;94;164m@[38;2;13;97;171m@[38;2;10;99;177m@[38;2;8;103;184m@[38;2;6;107;191m@[38;2;4;111;196m@[38;2;2;114;202m@[38;2;1;116;207m@[38;2;0;119;210m@[38;2;0;122;212m@[38;2;0;125;213m@[38;2;0;128;214m@[38;2;0;129;213m@[38;2;0;131;214m@[38;2;7;134;215m@[38;2;144;197;234m@[38;2;254;254;254m@@@@@@@@@@@@@@@@@@[39m
[38;2;254;254;254m@@@@@@@@@@@@@@@[38;2;253;253;253m@[38;2;86;121;157mM[38;2;7;67;122m@[38;2;6;73;131m@[38;2;7;122;192m@[38;2;14;165;234m@[38;2;22;173;236m@[38;2;30;181;238m@[38;2;39;189;240m@[38;2;46;197;243m@[38;2;37;148;201m@[38;2;19;86;152m@[38;2;17;90;158m@[38;2;15;94;164m@[38;2;13;97;171m@[38;2;11;99;177m@[38;2;9;103;182m@[38;2;7;106;188m@[38;2;6;109;193m@[38;2;2;111;197m@[38;2;2;114;202m@[38;2;1;116;205m@[38;2;0;118;208m@[38;2;0;120;210m@[38;2;0;121;211m@[38;2;0;122;211m@[38;2;0;123;212m@[38;2;63;152;221m@[38;2;253;253;253m@[38;2;254;254;254m@@@@@@@@@@@@@@@@[39m
[38;2;254;254;254m@@@@@@@@@@@@@@@[38;2;159;175;191m$ [38;2;7;65;119m4[38;2;7;74;133m@[38;2;3;151;230m@[38;2;9;160;232m@[38;2;18;168;234m@[38;2;24;176;236m@[38;2;33;184;240m@[38;2;41;192;241m@[38;2;48;199;244m@[38;2;30;116;169m@[38;2;22;83;146m@[38;2;19;86;152m@[38;2;18;90;158m@[38;2;16;92;163m@[38;2;14;96;168m@[38;2;12;98;172m@[38;2;9;100;177m@[38;2;9;102;182m@[38;2;8;106;187m@[38;2;6;107;191m@[38;2;5;110;194m@[38;2;4;111;197m@[38;2;2;112;199m@[38;2;2;114;201m@[38;2;2;114;203m@@[38;2;59;144;212m@[38;2;254;254;254m@@@@@@@@@@@@@@@@[39m
[38;2;254;254;254m@@@@@@@@@@@@@@@[38;2;137;183;206mL [38;2;8;64;116m~[38;2;6;95;159m@[38;2;0;149;231m@[38;2;3;153;230m@[38;2;11;162;233m@[38;2;18;170;235m@[38;2;25;177;237m@[38;2;35;185;240m@[38;2;41;192;241m@[38;2;47;199;244m@[38;2;31;109;164m@[38;2;25;80;140m@[38;2;23;83;144m@[38;2;21;84;149m@[38;2;19;87;154m@[38;2;17;90;158m@[38;2;16;93;164m@[38;2;15;95;168m@[38;2;13;97;171m@[38;2;11;99;175m@[38;2;10;100;178m@[38;2;9;102;180m@[38;2;8;103;183m@[38;2;8;104;185m@[38;2;8;105;187m@[38;2;7;106;188m@[38;2;7;105;188m@[38;2;184;209;232m@[38;2;254;254;254m@@@@@@@@@@@@@@@[39m
[38;2;254;254;254m@@@@@@@@@@@@@@@[38;2;121;212;235m@  [38;2;6;101;166m@[38;2;1;149;230m@@[38;2;3;153;231m@[38;2;10;161;232m@[38;2;17;168;235m@[38;2;25;177;237m@[38;2;33;183;240m@[38;2;39;190;241m@[38;2;45;196;243m@[38;2;36;129;183m@[38;2;25;79;139m@[38;2;24;79;139m@[38;2;24;80;140m@[38;2;22;83;144m@[38;2;21;84;149m@[38;2;19;87;153m@[38;2;18;89;157m@[38;2;17;90;159m@[38;2;44;118;177m@[38;2;62;137;189m@[38;2;63;139;192m@[38;2;47;125;185m$[38;2;13;97;171m@@@[38;2;115;163;205m@[38;2;254;254;254m@@@@@@@@@@@@@@@[39m
[38;2;254;254;254m@@@@@@@@@@@@@@@[38;2;169;236;250m@[38;2;87;196;225m@[38;2;51;126;164m_[38;2;6;104;169m4[38;2;0;146;226m@[38;2;0;148;230m@[38;2;1;149;230m@[38;2;2;151;230m@[38;2;8;159;232m@[38;2;15;166;234m@[38;2;21;173;236m@[38;2;27;179;239m@[38;2;35;185;240m@[38;2;40;191;241m@[38;2;39;164;214m@[38;2;25;85;143m@[38;2;25;79;139m@@@[38;2;60;115;162m$[38;2;146;203;224m@[38;2;186;244;254m@[38;2;187;244;254m@@[38;2;185;243;253m@[38;2;181;242;253m@[38;2;175;242;253m@[38;2;140;211;233m@[38;2;51;123;177m@[38;2;118;159;197m@[38;2;254;254;254m@@@@@@@@@@@@@@@[39m
[38;2;254;254;254m@@@@@@@@@@@@@@@[38;2;243;251;253m@[38;2;104;226;250m@[38;2;111;227;250m@[38;2;86;176;206mg[38;2;7;137;209m$[38;2;0;141;218m@[38;2;0;143;222m@[38;2;0;146;226m@[38;2;1;148;228m@[38;2;4;153;229m@[38;2;10;160;231m@[38;2;16;165;232m@[38;2;21;169;230m@[38;2;26;172;230m@[38;2;30;173;226m@[38;2;35;172;221m@[38;2;30;128;180m@[38;2;75;129;172m$[38;2;151;207;226m@[38;2;187;244;253m@[38;2;187;244;254m@@@@[38;2;186;244;254m@[38;2;183;243;253m@[38;2;176;242;253m@[38;2;171;240;253m@[38;2;165;239;251m@[38;2;220;236;242m@[38;2;254;254;254m@@@@@@@@@@@@@@@[39m
[38;2;254;254;254m@@@@@@@@@@@@@@@@[38;2;214;246;252m@[38;2;110;227;250m@[38;2;117;228;250m@[38;2;123;229;250m@[38;2;101;209;241m@[38;2;67;181;227m@[38;2;40;163;220m@[38;2;12;141;210m@[38;2;0;136;209m@[38;2;1;137;210m@[38;2;4;140;209m@[38;2;9;143;208m@[38;2;28;153;208m@[38;2;61;174;217m@[38;2;118;205;232m@[38;2;177;238;249m@[38;2;186;244;254m@[38;2;187;244;254m@@[38;2;187;243;253m@[38;2;186;243;253m@[38;2;185;243;253m@[38;2;183;243;253m@[38;2;178;242;253m@[38;2;173;241;253m@[38;2;168;239;253m@[38;2;163;238;252m@[38;2;197;243;251m@[38;2;254;254;254m@@@@@@@@@@@@@@@@[39m
[38;2;254;254;254m@@@@@@@@@@@@@@@@@[38;2;222;247;252m@[38;2;117;227;250m@[38;2;117;228;249m@[38;2;123;230;251m@[38;2;127;231;252m@[38;2;133;233;253m@[38;2;137;233;252m@[38;2;143;233;252m@[38;2;149;235;253m@[38;2;153;237;253m@[38;2;158;237;252m@[38;2;161;238;253m@[38;2;164;239;252m@[38;2;168;239;252m@[38;2;170;240;253m@[38;2;171;240;253m@[38;2;172;240;253m@@[38;2;171;241;253m@[38;2;170;240;253m@[38;2;167;239;252m@[38;2;164;238;252m@[38;2;161;238;252m@[38;2;157;237;252m@[38;2;153;237;253m@[38;2;196;243;252m@[38;2;254;254;254m@@@@@@@@@@@@@@@@@[39m
[38;2;254;254;254m@@@@@@@@@@@@@@@@@@[38;2;252;253;253m@[38;2;179;239;251m@[38;2;110;227;250m@[38;2;115;228;250m@[38;2;120;229;251m@[38;2;124;230;251m@[38;2;128;231;252m@[38;2;132;232;252m@[38;2;136;233;252m@[38;2;139;233;252m@[38;2;142;234;252m@[38;2;145;234;252m@[38;2;146;234;251m@[38;2;149;235;253m@@[38;2;150;235;253m@@@[38;2;148;235;252m@[38;2;146;234;252m@[38;2;144;234;252m@[38;2;140;233;252m@[38;2;155;235;252m@[38;2;227;248;252m@[38;2;254;254;254m@@@@@@@@@@@@@@@@@@[39m
[38;2;254;254;254m@@@@@@@@@@@@@@@@@@@@[38;2;252;253;253m@[38;2;197;242;252m@[38;2;130;231;251m@[38;2;107;227;251m@[38;2;111;227;250m@[38;2;115;228;251m@[38;2;117;228;250m@[38;2;119;229;251m@[38;2;122;229;251m@[38;2;123;229;251m@[38;2;125;230;252m@[38;2;126;230;252m@[38;2;127;230;252m@@@[38;2;126;230;252m@[38;2;125;229;251m@[38;2;126;230;251m@[38;2;176;239;252m@[38;2;228;248;252m@[38;2;254;254;254m@@@@@@@@@@@@@@@@@@@@[39m
[38;2;254;254;254m@@@@@@@@@@@@@@@@@@@@@@@[38;2;253;253;253m@[38;2;216;246;252m@[38;2;181;239;251m@[38;2;155;234;251m@[38;2;134;231;251m@[38;2;111;226;250m@[38;2;104;225;251m@[38;2;103;225;250m@[38;2;106;225;250m@[38;2;129;229;251m@[38;2;148;234;252m@[38;2;171;237;252m@[38;2;207;244;252m@[38;2;238;250;253m@[38;2;254;254;254m@@@@@@@@@@@@@@@@@@@@@@@[39m
[38;2;254;254;254m@@@@@@@@@@@@@@@@@@@@@@@@@@@@@@@@@@@@@@@@@@@@@@@@@@@@@@@@@@@@[39m
[38;2;254;254;254m@@@@@@@@@@@@@@@@@@@@@@@@@@@@@@@@@@@@@@@@@@@@@@@@@@@@@@@@@@@@[39m
[?25h